74.33333333333333
57.333333333333336
60.0
53.333333333333336
48.333333333333336
50.333333333333336
65.66666666666667
73.33333333333333
49.333333333333336
42.666666666666664
56.666666666666664
45.333333333333336
58.333333333333336
57.0
40.666666666666664
67.33333333333333
47.666666666666664
81.0
44.666666666666664
87.0
82.33333333333333
45.333333333333336
49.666666666666664
80.66666666666667
43.333333333333336
72.33333333333333
43.0
58.666666666666664
69.33333333333333
72.66666666666667
45.666666666666664
31.333333333333332
67.66666666666667
79.0
61.333333333333336
40.0
65.33333333333333
53.666666666666664
32.0
59.333333333333336
57.666666666666664
47.666666666666664
51.666666666666664
34.333333333333336
43.333333333333336
71.0
27.666666666666668
48.666666666666664
63.0
71.0
73.66666666666667
47.666666666666664
53.0
67.33333333333333
89.66666666666667
60.0
30.666666666666668
75.0
81.66666666666667
60.0
52.0
81.33333333333333
76.66666666666667
69.66666666666667
55.333333333333336
65.66666666666667
45.666666666666664
82.33333333333333
80.66666666666667
92.33333333333333
36.666666666666664
42.333333333333336
46.333333333333336
52.0
70.66666666666667
76.66666666666667
63.333333333333336
45.0
70.0
60.0
76.0
54.666666666666664
53.333333333333336
35.0
81.33333333333333
54.666666666666664
82.66666666666667
46.0
73.66666666666667
80.0
71.66666666666667
37.333333333333336
57.333333333333336
56.333333333333336
49.333333333333336
86.33333333333333
52.666666666666664
55.333333333333336
55.666666666666664
81.66666666666667
50.0
63.0
67.0
57.333333333333336
58.333333333333336
53.333333333333336
58.0
57.666666666666664
40.666666666666664
52.333333333333336
60.054545454545455 59.0 59.06363636363636